 1 995.1380880746902 1. 1
 2 995.1869280093213 1. 1
 3 995.2357679439523 1. 1
 4 995.2846078785833 1. 1
 5 995.3334478132143 1. 1
 6 995.3822877478455 1. 1
 7 995.4311276824765 1. 1
 8 995.4799676171075 1. 1
 9 995.5288075517385 1. 1
 10 995.5776474863695 1. 1
 11 995.6264874210007 1. 1
 12 995.6753273556317 1. 1
 13 995.7241672902627 1. 1
 14 995.7730072248936 1. 1
 15 995.8218471595246 1. 1
 16 995.8706870941559 1. 1
 17 995.9195270287869 1. 1
 18 995.9683669634178 1. 1
 19 996.0172068980488 1. 1
 20 996.0660468326798 1. 1
 21 996.1148867673108 1. 1
 22 996.163726701942 1. 1
 23 996.212566636573 1. 1
 24 996.261406571204 1. 1
 25 996.310246505835 1. 1
 26 996.3590864404661 1. 1
 27 996.4079263750972 1. 1
 28 996.4567663097282 1. 1
 29 996.5056062443592 1. 1
 30 996.5544461789902 1. 1
 31 996.6032861136213 1. 1
 32 996.6521260482524 1. 1
 33 996.7009659828834 1. 1
 34 996.7498059175144 1. 1
 35 996.7986458521455 1. 1
 36 996.8474857867765 1. 1
 37 996.8963257214076 1. 1
 38 996.9451656560386 1. 1
 39 996.9940055906696 1. 1
 40 997.0428455253007 1. 1
 41 997.0916854599317 1. 1
 42 997.1405253945627 1. 1
 43 997.1893653291938 1. 1
 44 997.2382052638249 1. 1
 45 997.2870451984559 1. 1
 46 997.3358851330868 1. 1
 47 997.3847250677178 1. 1
 48 997.433565002349 1. 1
 49 997.4824049369801 1. 1
 50 997.531244871611 1. 1
 51 997.580084806242 1. 1
 52 997.628924740873 1. 1
 53 997.6777646755041 1. 1
 54 997.7266046101352 1. 1
 55 997.7754445447662 1. 1
 56 997.8242844793972 1. 1
 57 997.8731244140282 1. 1
 58 997.9219643486593 1. 1
 59 997.9708042832904 1. 1
 60 998.0196442179214 1. 1
 61 998.0684841525524 1. 1
 62 998.1173240871834 1. 1
 63 998.1661640218144 1. 1
 64 998.2150039564456 1. 1
 65 998.2638438910766 1. 1
 66 998.3126838257076 1. 1
 67 998.3615237603386 1. 1
 68 998.4103636949696 1. 1
 69 998.4592036296008 1. 1
 70 998.5080435642318 1. 1
 71 998.5568834988628 1. 1
 72 998.6057234334938 1. 1
 73 998.6545633681249 1. 1
 74 998.703403302756 1. 1
 75 998.752243237387 1. 1
 76 998.801083172018 1. 1
 77 998.849923106649 1. 1
 78 998.89876304128 1. 1
 79 998.9476029759112 1. 1
 80 998.9964429105422 1. 1
 81 999.0452828451732 1. 1
 82 999.0941227798041 1. 1
 83 999.1429627144352 1. 1
 84 999.1918026490662 1. 1
 85 999.2406425836973 1. 1
 86 999.2894825183283 1. 1
 87 999.3383224529593 1. 1
 88 999.3871623875904 1. 1
 89 999.4360023222214 1. 1
 90 999.4848422568525 1. 1
 91 999.5336821914835 1. 1
 92 999.5825221261146 1. 1
 93 999.6313620607456 1. 1
 94 999.6802019953766 1. 1
 95 999.7290419300077 1. 1
 96 999.7778818646387 1. 1
 97 999.8267217992698 1. 1
 98 999.8755617339008 1. 1
 99 999.9244016685318 1. 1
 100 999.9732416031629 1. 1
