  1 1024  0.0314159   0
  200.  0.
  3.12686385 -199.045963
 -196.820892 -6.18534571
 -9.11791061  193.344827
  188.64693  11.8686588
  14.3839346 -182.765218
 -175.746242 -16.6129111
 -18.5081456  167.644685
  158.522904  20.0260999
  21.1276215 -148.450406
 -137.503275 -21.7783793
 -21.9492524  125.763545
  113.318529  21.6166656
  20.7628704 -100.260109
 -86.683992 -19.3761679
 -17.4510711  72.6889423
  58.3759906  14.9884069
  11.9953545 -43.8476311
 -29.2070116 -8.48542127
 -4.47835599  14.5571236
  1.0658141E-14  0.
 -4.91792209  14.364075
  28.4373347  10.2380705
  15.9178142 -42.1252731
 -55.3373557 -21.909609
 -28.1614241  67.9876919
  79.9956645  34.6172152
  41.2174396 -91.2865097
 -101.791846 -47.8996067
 -54.5988613  111.450142
  120.207132  61.2485931
  67.781066 -128.016157
 -134.838447 -74.1280634
 -80.2215416  140.643334
  145.408398  85.994287
  91.3805688 -149.119535
 -151.770967 -96.3167843
 -100.742087  153.36517
  153.912748  104.598996
  107.833975 -153.432227
 -151.949793 -110.397987
 -112.247  149.498967
  146.12022  113.342461
  113.651722 -141.860538
 -136.772929 -113.148407
 -111.81274  130.915898
  124.352866  109.631798
  106.599723 -117.151566
 -109.383407 -102.717856
 -97.9948185  101.122808
  92.446525  92.446525
  86.096133 -83.4329572
 -74.1614538 -78.973927
 -71.1171404  64.7116187
  55.1626236  62.5697145
  53.3819977 -45.5925331
 -36.0776488 -43.6103858
 -33.3169092  26.6918775
  17.5061297  22.5687664
  11.4378121 -8.58775221
  5.54223334E-13  7.60280727E-13
  11.665211 -8.19844763
 -15.9539238 -23.4754859
 -35.3462696  23.2181594
  29.9486151  47.1914661
  58.9241344 -36.108756
 -41.668269 -70.457195
 -81.7041416  46.6032196
  50.8961487  92.5797508
  103.000785 -54.5361085
 -57.5186375 -112.886682
 -122.160225  59.8456766
  61.5254256  130.748185
  138.581938 -62.5721444
 -63.0058993 -145.598043
 -151.738775  62.8522586
  62.1419396  156.952623
  161.194727 -60.9104114
 -59.1974585 -164.427266
 -166.619796  57.0467069
  54.5051207  167.749513
  167.801467 -51.6224717
 -48.4507887 -166.768708
 -164.652367  45.0437905
  41.4563097  161.461666
  157.213871 -37.7437112
 -33.9613119 -151.934176
 -145.655515  30.163807
  26.4047076  138.418325
  130.270234 -22.7357955
 -19.2066005 -121.265703
 -111.465601  15.8639042
  12.751275  100.936735
  89.751336 -9.90863974
 -7.37189366 -77.9864889
 -65.7235369  5.17255453
  3.33746232  53.0474445
  40.046135 -1.88852779
 -0.842532044 -26.8098044
 -13.4302187  0.210978734
  0. -2.51296338E-13
 -13.3880926 -0.210316965
 -0.837254855  26.6418815
  39.6704821  1.87081244
  3.29578495 -52.3850016
 -64.69922 -5.09193904
 -7.23423818  76.5302461
  87.7991451  9.69311586
  12.4347942 -98.4315316
 -108.358123 -15.4216446
 -18.612587  117.515249
  125.845316  21.9635235
  25.4278035 -133.297214
 -139.826678 -28.956713
 -32.4999872  145.396585
  149.977192  36.0063381
  39.4239938 -153.546318
 -156.089461 -42.7012444
 -45.7869881  157.599847
  158.078426  48.6312737
  51.1858334 -157.533797
 -155.982076 -53.4046011
 -55.2442118  153.446701
  149.958184  56.664476
  57.6288259 -145.553799
 -140.277225 -58.104729
 -58.064064  134.178135
  127.311745  57.4834568
  56.3445726 -119.738312
 -111.522606 -54.6343609
 -52.3452526  102.733343
  93.4425902  49.4753047
  46.0282939 -83.7251557
 -73.6579541 -42.0137552
 -37.4469683  63.3193654
  52.7885872  32.3488878
  26.7460219 -42.1449867
 -31.467458 -20.6702564
 -14.1586293  20.8337903
  10.3200529  7.25305464
  8.81072992E-13 -1.20081722E-12
  10.0554966  7.54988044
  15.3421539 -19.7789856
 -29.1069381 -23.3190546
 -31.4199628  37.9802107
  46.3444664  39.5819136
  47.7401305 -54.1505486
 -61.3548073 -55.8285791
 -63.7805367  67.9193731
  73.8123792  71.5291717
  79.0081283 -79.0081283
 -83.4872044 -86.1521117
 -92.8974676  87.2365287
  90.2493599  99.1827515
  104.949283 -92.525239
 -94.06988 -110.141678
 -114.708361  94.8950087
  95.0181493  118.602037
  121.780146 -94.4623641
 -93.2559469 -124.20526
 -125.845454  91.4320743
  89.0284184  126.674626
  126.672767 -86.0867238
 -82.6523552 -125.826185
 -124.127673  78.7738166
  74.5022509  121.576624
  118.179093 -69.8909205
 -64.9946767 -113.947798
 -108.902074  59.8694215
  54.5715672  103.067755
  96.4770225 -49.1574983
 -43.683041 -89.1681808
 -81.1853918  38.2029456
  32.7703844  72.5783563
  63.4019477 -27.4364728
 -22.2498141 -53.7158029
 -43.5838709  17.2560752
  12.4975952  33.073926
  22.2570465 -8.01302981
 -3.83703634 -11.2070661
  1.1937118E-12 -3.83693077E-13
 -3.47219517 -11.2865468
 -22.5739866  6.55834936
  9.24208268  33.7833644
  44.8359782 -11.5119226
 -13.3613425 -55.6539969
 -66.1610725  14.7887518
  15.7974377  76.2829413
  85.9480071 -16.3954592
 -16.595496 -95.0879045
 -103.638035  16.4146522
  15.8742187  111.538074
  118.732441 -14.9993954
 -13.8189774 -125.170731
 -130.80811  12.3650069
  10.6723963  135.605653
  139.530648 -8.77852429
 -6.72280979 -142.556837
 -144.664614  4.54626865
  2.29105604  145.841162
  146.080538 -1.86179536E-12
  2.28386977 -145.383707
 -143.758509 -4.51779315
 -6.65974644  141.219582
  137.788225  8.66890033
  10.5060645 -133.492207
 -128.365528 -12.134115
 -13.5183993  122.448129
  115.785556  14.6271173
  15.4316716 -108.428576
 -100.432762 -15.9069868
 -16.031793  91.8580321
  82.7681589  15.7888707
  15.1652564 -73.2302535
 -63.314221 -14.1524051
 -12.7463093  53.0921991
  42.6379806  10.9475727
  8.7614392 -32.0264278
 -21.3328799 -6.19777453
 -3.27100327  10.6325623
  3.30402372E-13  1.13686838E-13
 -3.59206353  10.491559
  20.7707058  7.47791421
  11.6264144 -30.7684128
 -40.4185535 -16.0028374
 -20.5691799  49.6583931
  58.4290486  25.2845072
  30.1053288 -66.6759123
 -74.3490379 -34.9860016
 -39.8791552  81.4034839
  87.7996129  44.7361372
  49.507473 -93.5033455
 -98.4863643 -54.143337
 -58.5940299  102.72627
  106.206685  62.8104586
  66.7446134 -108.91731
 -110.853922 -70.3500384
 -73.5822914  112.018333
  112.418285  76.3993879
  78.7622257 -112.067312
 -110.984538 -80.6349867
 -81.9855105  109.194448
  106.726602  82.7856386
  83.0115234 -103.615319
 -99.8993157 -82.6439013
 -81.6683261  95.6213242
  90.8276678  80.0753606
  77.8607247 -85.5678192
 -79.8939347 -75.0253985
 -71.5756791  73.8603712
  67.5231907  67.5231907
  62.8848472 -60.9396565
 -54.1677254 -57.6827688
 -51.9441507  47.2655404
  40.2909288  45.7010879
  38.9903547 -33.3009089
 -26.3512117 -31.8531432
 -24.3347601  19.4958191
  12.7865243  16.4842877
  8.35420871 -6.27251732
  1.18660637E-12  1.64135372E-12
  8.52030153 -5.98816821
 -11.6527888 -17.1465581
 -25.8170104  16.9586061
  21.874549  34.4687738
  43.0383463 -26.3739325
 -30.4346158 -51.4621248
 -59.6769249  34.039117
  37.174684  67.6204991
  75.2320506 -39.8333204
 -42.0117677 -82.4527365
 -89.2261569  43.7114432
  44.9383364  95.498826
  101.220621 -45.7028626
 -46.0196784 -106.345202
 -110.83041  45.9074588
  45.3886399  114.638618
  117.737062 -44.4891284
 -43.237983 -120.098118
 -121.699547  41.6670682
  39.8106868  122.524695
  122.562643 -37.7051923
 -35.3885864 -121.808313
 -120.262532  32.9001058
  30.2798001  117.932035
  114.829435 -27.5681082
 -24.8054336 -110.973131
 -106.38718  22.0317258
  19.2860695  101.101117
  95.1497296 -16.6062862
 -14.0285527 -88.5727958
 -81.4147746  11.5870383
  9.3135656  73.7244631
  65.5546173 -7.23729713
 -5.38445096 -56.9615413
 -48.0046482  3.77804775
  2.43769146  38.7459962
  29.2498048 -1.37938578
 -0.615387672 -19.5819532
 -9.80946785  0.154099435
  0. -5.50642565E-13
 -9.77869885 -0.153616077
 -0.611533199  19.4593019
  28.9754269  1.36644644
  2.40725019 -38.2621462
 -47.2564844 -3.71916598
 -5.28390704  55.8978977
  64.1287319  7.07987791
  9.08240715 -71.8946556
 -79.1450646 -11.2640107
 -13.5946836  85.8334542
  91.9177571  16.0422167
  18.5725361 -97.3606437
 -102.129782 -21.1500611
 -23.7380781  106.198057
  109.543744  26.2991262
  28.7953912 -112.150644
 -114.008162 -31.1891038
 -33.4429393  115.111352
  115.460908  35.5204132
  37.3862704 -115.063109
 -113.929728 -39.0068644
 -40.350521  112.077884
  109.529861  41.3878857
  42.0922495 -106.312887
 -102.458862 -42.4398504
 -42.4101486  98.004071
  92.9888408  41.9860716
  41.1542274 -87.4571851
 -81.4564115 -39.9050842
 -38.2331133  75.0367099
  68.2507193  36.1368957
  33.6191897 -61.153079
 -53.7999679 -30.6869599
 -27.3513664  46.2486349
  38.5569261  23.6277147
  19.5353663 -30.7828117
 -22.983916 -15.0976109
 -10.3415009  15.2170565
  7.53779439  5.29765063
  4.47641924E-13 -6.03961325E-13
  7.34456181  5.51445299
  11.2059505 -14.4466243
 -21.2597859 -17.0323002
 -22.9492254  27.7408481
  33.850123  28.9107362
  34.8695198 -39.5517065
 -44.8137164 -40.7773444
 -46.5854757  49.6084929
  53.9127604  52.2450995
  57.7077495 -57.7077495
 -60.9792788 -62.9257342
 -67.8525604  63.7177953
  65.9183754  72.4433486
  76.6552386 -67.5806835
 -68.7088935 -80.4477782
 -83.7832953  69.3115697
  69.4015119  86.6272473
  88.9485463 -68.9955649
 -68.1143945 -90.7198559
 -91.9178583  66.7822331
  65.0265964  92.5234878
  92.5221302 -62.8779748
 -60.3695026 -91.9037844
 -90.6631864  57.5366076
  54.4166446  88.7998932
  86.3183272 -51.0485164
 -47.4722868 -83.2277786
 -79.5423675  43.7287866
  39.8592196  75.2809657
  70.4670769 -35.904769
 -31.9062107 -65.1286792
 -59.2980287  27.9035342
  23.935577  53.0114268
  46.3089532 -20.0396736
 -16.2513241 -39.234167
 -31.8337766  12.6038838
  9.12827715  24.1572845
  16.2566067 -5.85273854
 -2.80258167 -8.18567121
  1.17950094E-12 -3.7658765E-13
 -2.5361007 -8.24372415
 -16.4881005  4.79023602
  6.75044206  24.6754603
  32.7483192 -8.40833924
 -9.75916052 -40.6498291
 -48.3242254  10.8017441
  11.538491  55.7172656
  62.7766557 -11.9752875
 -12.1213949 -69.4524614
 -75.6974999  11.9893062
  11.5945721  81.4677096
  86.7224942 -10.9555988
 -10.0934183 -91.4250389
 -95.5425953  9.03143432
  7.79514701  99.0467339
  101.913561 -6.41185776
 -4.91035836 -104.123898
 -105.663423  3.32060685
  1.6733935  106.522777
  106.697618 -2.71972068E-12
  1.66814463 -106.188651
 -105.001602 -3.29980828
 -4.86429672  103.147163
  100.64089  6.33178813
  7.6736578 -97.5030671
 -93.7585271 -8.86279022
 -9.87387525  89.4364431
  84.5700815  10.6836858
  11.2713345 -79.1965238
 -73.3563599 -11.618506
 -11.7096648  67.0933538
  60.454086  11.5322337
  11.0767441 -53.4875742
 -46.2448774 -10.3369548
 -9.30993859  38.7786851
  31.1428958  7.99613658
  6.39937877 -23.392189
 -15.5815929 -4.5268712
 -2.38914959  7.76605211
 -4.79616347E-14 -2.13162821E-14
 -2.62365287  7.66306295
  15.1709794  5.46188866
  8.49196433 -22.4733315
 -29.5218202 -11.6885155
 -15.0237844  36.270624
  42.6767343  18.4678721
  21.9890132 -48.7002658
 -54.3047374 -25.5538697
 -29.1278423  59.4573237
  64.1290735  32.675395
  36.1603915 -68.2950952
 -71.9347055 -39.546439
 -42.7972371  75.031544
  77.5736488  45.876928
  48.7504452 -79.5534963
 -80.9680033 -51.3838574
 -53.7447037  81.8184919
  82.1106182  55.8023185
  57.5281416 -81.8542659
 -81.0634051 -58.8960113
 -59.8824375  79.7559186
  77.9533975  60.4668532
  60.6318401 -75.6809075
 -72.966729 -60.3633279
 -59.6507652  69.8420725
  66.340773  58.4872589
  56.8696829 -62.4989654
 -58.3547449 -54.798753
 -52.2790687  53.9478139
  49.3191202  49.3191202
  45.9312616 -44.5104891
 -39.5642524 -42.1316495
 -37.9401475  34.5228779
  29.4286028  33.3801976
  28.47866 -24.3230735
 -19.246996 -23.2656215
 -17.7741743  14.2397988
  9.33931173  12.0401681
  6.10193652 -4.58146353
 -5.89750471E-13 -8.10018719E-13
  6.22325117 -4.37377418
 -8.51122833 -12.5238922
 -18.8568139  12.3866115
  15.9772295  25.1760852
  31.435324 -19.2635913
 -22.2295253 -37.5880745
 -43.5881865  24.8622626
  27.1524892  49.3901945
  54.9496922 -29.0943644
 -30.6855081 -60.2237007
 -65.1710251  31.9269558
  32.8230819  69.7525995
  73.9318137 -33.3814939
 -33.612897 -77.6748219
 -80.9508295  33.5309315
  33.1519847  83.7323553
  85.995467 -32.4949791
 -31.5811391 -87.7199885
 -88.8896769  30.4337388
  29.0778328  89.4923673
  89.5200842 -27.5399739
 -25.8479188 -88.9691199
 -87.8400769  24.0303258
  22.1164475  86.1378759
  83.8717281 -20.1358204
 -18.1179555 -81.0550733
 -77.7054826  16.0920318
  14.086597  73.8445277
  69.4976186 -12.1292761
 -10.2464926 -64.6938084
 -59.4655705  8.46320396
  6.80265338  53.8485462
  47.8812689 -5.2861413
 -3.93281747 -41.6048631
 -35.0627242  2.75949624
  1.7804964  28.3001799
  21.3641361 -1.00750708
 -0.449480812 -14.3027113
 -7.16486171  0.112554642
  0.  1.92139018E-12
 -7.14238796 -0.112201596
 -0.446665495  14.2131265
  21.1637297  0.998056159
  1.75826202 -27.9467745
 -34.5162634 -2.71648884
 -3.85937992  40.8279749
  46.8397983  5.17116188
  6.63381463 -52.5120499
 -57.8077681 -8.22726375
 -9.92959349  62.6929859
  67.1369772  11.7172782
  13.5654303 -71.1124761
 -74.5958675 -15.4480615
 -17.3383561  77.5673464
  80.0110457  19.2089526
  21.0322312 -81.9151322
 -83.2718685 -22.7806054
 -24.4268129  84.0776414
  84.3329576  25.9442054
  27.3070325 -84.0424045
 -83.2145798 -28.4907187
 -29.4721291  81.8619878
  80.0009056  30.2298231
  30.7442923 -77.6512185
 -74.8362289 -30.998181
 -30.9764867  71.5824372
  67.9192996  30.6667397
  30.0591585 -63.8789633
 -59.4959822 -29.1467809
 -27.9255689  54.8070148
  49.850509  26.3944859
  24.5555466 -44.6663735
 -39.2956413 -22.4138381
 -19.9775116  33.7801274
  28.1620826  17.2577464
  14.2686841 -22.4838485
 -16.7875141 -11.0273356
 -7.55346011  11.114579
  5.50562531  3.86941827
  1.60582658E-12 -2.20978791E-12
  5.36448771  4.0277713
  8.18485641 -10.5518533
 -15.5282048 -12.4404379
 -16.762176  20.2619901
  24.7242209  21.1164795
  25.4687911 -28.8886728
 -32.732059 -29.7838821
 -34.0261568  36.2341767
  39.3780253  38.1599613
  42.1498955 -42.1498955
 -44.5394293 -45.9611256
 -49.5596927  46.5396492
  48.1469588  52.9128168
  55.9891925 -49.3611131
 -50.1851607 -58.7592737
 -61.1955443  50.625357
  50.6910511  63.2727746
  64.9682576 -50.3945463
 -49.7509371 -66.2620269
 -67.137051  48.7779228
  47.495601  67.5794045
  67.5784129 -45.926242
 -44.0940472 -67.1267714
 -66.2206353  42.0248931
  39.7460636  64.859681
  63.0471385 -37.2859738
 -34.673886 -60.7897934
 -58.0979593  31.9396234
  29.1132812  54.9854199
  51.4693426 -26.2249399
 -23.3043822 -47.5701626
 -43.3114397  20.3808165
  17.4826098  38.7196888
  33.8241841 -14.6370315
 -11.8700108 -28.6567411
 -23.2514761  9.20591062
  6.6673182  17.6445456
  11.8738693 -4.27485598
 -2.04701319 -5.97883628
  1.08535403E-12 -3.55271368E-13
 -1.85237477 -6.0212383
 -12.042953  3.49880128
  4.93054105  18.0230226
  23.9194604 -6.14147361
 -7.12811711 -29.6907446
 -35.2961443  7.88962299
  8.42774488  40.6960407
  45.8522382 -8.74678224
 -8.85349948 -50.7282647
 -55.2896576  8.75702148
  8.46870664  59.5042343
  63.3423431 -8.00199884
 -7.37225986 -66.7770944
 -69.7845687  6.59658393
  5.69359635  72.344001
  74.437939 -4.68323816
 -3.58653896 -76.052375
 -77.1768488  2.42538018
  1.22225112  77.8045229
  77.9322275  5.88013155E-12
  1.21841733 -77.5604763
 -76.6934526 -2.41018884
 -3.55289542  75.3389654
  73.5083771  4.62475509
  5.60486031 -71.2165026
 -68.4814805 -6.47340582
 -7.21190505  65.3246187
  61.7702151  7.80339288
  8.23261302 -57.8453541
 -53.5796827 -8.48618805
 -8.55277065  49.0051662
  44.1558271  8.4231745
  8.09048371 -39.0674681
 -33.7773829 -7.5501396
 -6.8000042  28.3240559
  22.7468549  5.84039967
  4.67412347 -17.0857178
 -11.3808374 -3.3064389
 -1.74504129  5.67234536
 -2.45137244E-13 -7.81597009E-14
 -1.91632312  5.5971218
  11.0809242  3.98937818
  6.2025536 -16.4145818
 -21.5628169 -8.53732318
 -10.9734125  26.4921614
  31.1712016  13.4889835
  16.0608344 -35.5708052
 -39.6643263 -18.6646152
 -21.2750544  43.4277892
  46.8400479  23.8661965
  26.4116473 -49.8829213
 -52.5413025 -28.8848255
 -31.2592171  54.8032416
  56.6600018  33.5086317
  35.6074564 -58.1060878
 -59.1392475 -37.5309077
 -39.2552762  59.7604466
  59.9738165  40.7581636
  42.0187094 -59.7865761
 -59.2089292 -43.0178051
 -43.7382935  58.2539376
  56.9373713  44.1651523
  44.2856592 -55.2775385
 -53.2950952 -44.0895371
 -43.5690794  51.0128377
  48.4554791  42.7192513
  41.5377694 -45.6494125
 -42.6224627 -40.0251566
 -38.1847724  39.4036284
  36.0228181  36.0228181
  33.5483171 -32.510581
 -28.8978364 -30.7730702
 -27.7115858  25.2156029
  21.4947307  24.3809861
  20.8008899 -17.7656383
 -14.0580577 -16.9932726
 -12.9823047  10.4007873
  6.82145842  8.7941712
  4.45687085 -3.34631329
 -2.6751934E-12 -3.6877168E-12
  4.5454794 -3.19461643
 -6.21662408 -9.14748455
 -13.7730676  9.0472144
  11.6698114  18.3886804
  22.9604452 -14.0701789
 -16.2365051 -27.4544307
 -31.8369287  18.1594635
  19.8322512  36.074731
  40.1354031 -21.2506021
 -22.4127777 -43.987553
 -47.6010921  23.3195344
  23.9740673  50.9474864
  53.9999956 -24.3819329
 -24.5509504 -56.7338989
 -59.1267037  24.4910826
  24.2142988  61.1583376
  62.8113205 -23.7344202
 -23.066949 -64.0709157
 -64.9252592  22.2288847
  21.2385273  65.3654659
  65.3857104 -20.115271
 -18.8793894 -64.9832846
 -64.1586286  17.5518146
  16.1539128  62.9153364
  61.2601359 -14.7072574
 -13.2334034 -59.2028437
 -56.7562936  11.7536634
  10.2888884  53.9362418
  50.7612476 -8.85925592
 -7.4840658 -47.2525318
 -43.4338127  6.18154694
  4.96867633  39.3311231
  34.9726077 -3.86101183
 -2.87254047 -30.388304
 -25.6099081  2.01554348
  1.30047936  20.6705276
  15.6044225 -0.735885885
 -0.328301995 -10.4467389
 -5.23323428  0.0822102134
  0.  1.20754772E-12
 -5.21681938 -0.0819523477
 -0.326245679  10.3813058
  15.4580452  0.728982905
  1.28423931 -20.4123993
 -25.2107717 -1.98413076
 -2.81890148  29.8208627
  34.2119148  3.77703055
  4.84535606 -38.3549426
 -42.2229494 -6.00921558
 -7.2526018  45.7911256
  49.0370288  8.55833156
  9.90822682 -51.9407439
 -54.4850224 -11.2833057
 -12.663982  56.6553985
  58.4402831  14.0302706
  15.3619983 -59.831033
 -60.8219968 -16.6390155
 -17.8414099  61.4105356
  61.5970192  18.9497174
  19.94513 -61.3847984
 -60.780153 -20.8096976
 -21.5265224  59.7922162
  58.4328767  22.0799442
  22.4557139 -56.716659
 -54.660583 -22.6411548
 -22.6253092  52.2840047
  49.6084392  22.3990692
  21.9552902 -46.6573667
 -43.4560255 -21.2888872
 -20.3969107  40.0311911
  36.410946  19.2786035
  17.9354373 -32.6244394
 -28.7016422 -16.3711277
 -14.5916283  24.6730959
  20.5696609  12.6051044
  10.4218853 -16.4222635
 -12.2616455 -8.05439561
 -5.51706759  8.11811844
  4.02132354  2.82623352
  1.05870868E-12 -1.46016532E-12
  3.91823626  2.941895
  5.97824114 -7.70710204
 -11.3418426 -9.08652934
 -12.2431384  14.7994121
  18.0586375  15.4235335
  18.6024735 -21.1003644
 -23.907584 -21.7542276
 -24.8527965  26.4655402
  28.7618156  27.8721384
  30.7863971 -30.7863971
 -32.531719 -33.5701298
 -36.1985329  33.992685
  35.1666682  38.6476638
  40.8946569 -36.0534899
 -36.6553764 -42.9179316
 -44.6973903  36.976897
  37.0248801  46.2146048
  47.4529902 -36.8083122
 -36.3382183 -48.3979628
 -49.0370827  35.6275261
  34.6909148  49.3601789
  49.3594546 -33.5446507
 -32.2064107 -49.0295745
 -48.3677302  30.695095
  29.0306318  47.3736855
  46.0497996 -27.2337756
 -25.3258996 -44.4010287
 -42.4349058  23.3287869
  21.264419  40.1614987
  37.5933463 -19.1547667
 -17.0215834 -34.7453747
 -31.6347921  14.8862032
  12.7693453  28.2809649
  24.7052751 -10.6909272
 -8.66988785 -20.9309608
 -16.9829407  6.72402189
  4.86982715  12.8876236
  8.67270606 -3.12236631
 -1.49514395 -4.36695811
  4.13358237E-12 -1.34647848E-12
 -1.35297952 -4.39792866
 -8.79620528  2.55553387
  3.60128045  13.1640642
  17.4708383 -4.48574885
 -5.20639592 -21.6861997
 -25.7803988  5.76260187
  6.15564754  29.7244977
  33.4905982 -6.38867328
 -6.46661984 -37.052061
 -40.3837147  6.39615205
  6.18556612  43.4620529
  46.2654179 -5.84468149
 -5.38471844 -48.7741695
 -50.9708368  4.81816265
  4.1586181  52.840253
  54.369671 -3.42064976
 -2.61961771 -55.5488593
 -56.370178  1.77150421
  0.892735504  56.8286329
  56.9219087 -2.90187718E-12
  0.889935293 -56.6503806
 -56.0171041 -1.76040842
 -2.59504437  55.0277831
  53.6907165  3.37793356
  4.09380505 -52.0167251
 -50.0190576 -4.72819303
 -5.26759486  47.7132773
  45.1171314  5.69961916
  6.0131227 -42.2504023
 -39.1347444 -6.19833459
 -6.2469667  35.7935052
  32.2515349  6.15230933
  5.90931108 -28.5349839
 -24.6710914 -5.51464228
 -4.96674137  20.6879667
  16.614364  4.26584364
  3.41399236 -12.4794543
 -8.31259423 -2.41503187
 -1.27458285  4.14309631
  2.64677169E-12  8.5975671E-13
 -1.39968756  4.08815283
  8.09353683  2.91385256
  4.53036184 -11.9892547
 -15.7495395 -6.23568382
 -8.01501004  19.3499459
  22.7675295  9.85238982
  11.7308767 -25.9810118
 -28.9709307 -13.6326852
 -15.539357  31.7197741
  34.212097  17.4319341
  19.2911382 -36.4346199
 -38.3763087 -21.0975543
 -22.8318163  40.0284352
  41.3846178  24.4747947
  26.007782 -42.4408429
 -43.1954655 -27.412676
 -28.6721594  43.649191
  43.805037  29.7698724
  30.6905785 -43.6682761
 -43.2463612 -31.4203206
 -31.9465673  42.5488328
  41.5872092  32.2583461
  32.3463646 -40.3748629
 -38.926881 -32.2031166
 -31.8229728  37.2599139
  35.3920123  31.2022561
  30.3392986 -33.3424538
 -31.1315615 -29.2344821
 -27.8902605  28.7805162
  26.3111633  26.3111633
  24.5037811 -23.7458159
 -21.1070575 -22.4767333
 -20.2406168  18.4175442
  15.6998091  17.8079379
  15.193026 -12.97607
 -10.2680431 -12.411932
 -9.48231031  7.59676306
  4.98241158  6.42328631
  3.25531047 -2.44415623
 -1.86162197E-12 -2.56505928E-12
  3.32003039 -2.33335644
 -4.54063896 -6.68134733
 -10.0598857  6.60810975
  8.52366166  13.4311416
  16.770371 -10.2768966
 -11.859187 -20.0527901
 -23.2537784  13.263721
  14.4855296  26.3490806
  29.3150064 -15.5214969
 -16.3703532 -32.1286271
 -34.7679658  17.0326507
  17.5107233  37.2121812
  39.4417421 -17.8086294
 -17.9320802 -41.4385924
 -43.1863035  17.8883526
  17.686189  44.6702144
  45.8775575 -17.3356844
 -16.8481616 -46.7975692
 -47.4215841  16.2360372
  15.5126775  47.7431122
  47.7578988 -14.6922481
 -13.7895568 -47.463966
 -46.861635  12.8198926
  11.7988614  45.953531
  44.7445681 -10.7422204
 -9.66571348 -43.2419163
 -41.4549496  8.58490734
  7.51503176  39.3951761
  37.0761519 -6.47082437
 -5.4663818 -34.5133764
 -31.7241737  4.51501852
  3.62913456  28.7275581
  25.5440867 -2.82009343
 -2.09811129 -22.195699
 -18.7055458  1.47215838
  0.949873627  15.097809
  11.3975122 -0.537493031
 -0.23979266 -7.63032617
 -3.8223684  0.0600465611
  0. -2.02633748E-12
 -3.81037892 -0.0598582153
 -0.238290722  7.58253372
  11.2905978  0.532451075
  0.938011849 -14.9092714
 -18.4140155 -1.44921445
 -2.05893323  21.7812384
  24.9884746  2.75875328
  3.5390611 -28.0145533
 -30.8397559 -4.38914723
 -5.29731987  33.4459614
  35.8167778  6.2510284
  7.23699553 -37.9376591
 -39.796007 -8.24135685
 -9.24980651  41.3812555
  42.68494  10.2477474
  11.2204449 -43.7007475
 -44.4245501 -12.1531817
 -13.0314138  44.8544204
  44.9906286  13.8409246
  14.5679767 -44.8356219
 -44.3939873 -15.1994591
 -15.7230299  43.6723956
  42.6795304  16.1272506
  16.4017138 -41.4260003
 -39.9242369 -16.5371604
 -16.5255867  38.1883778
  36.2341375  16.3603404
  16.0362031 -34.0786662
 -31.7403979 -15.5494605
 -14.8979584  29.2388897
  26.5946529  14.0811439
  13.1000917 -23.8289783
 -20.9637567 -11.9575157
 -10.6577645  18.0212957
  15.0241357  9.2068022
  7.61217307 -11.9948654
 -8.95593884 -5.88295223
 -4.02968102  5.92949555
  2.93718553  2.06428857
 -8.27782287E-13  1.14042109E-12
  2.86189031  2.14876802
  4.36652342 -5.62928807
 -8.28411235 -6.63682548
 -8.94242127  10.8095304
  13.1900774  11.2653904
  13.5872967 -15.4117629
 -17.4621637 -15.8893464
 -18.1525494  19.3305018
  21.0077075  20.3578849
  22.4864673 -22.4864673
 -23.7612551 -24.5197132
 -26.4395058  24.8283486
  25.6858291  28.2283576
  29.8695674 -26.333566
 -26.7731856 -31.3473727
 -32.6470941  27.0080251
  27.0430721  33.7552717
  34.6597917 -26.8848903
 -26.5415324 -35.3500022
 -35.8168172  26.0224409
  25.3383375  36.0528075
  36.0522785 -24.5011032
 -23.5236491 -35.8113332
 -35.3279203  22.41978
  21.2040516  34.6018674
  33.6348976 -19.891623
 -18.4981053 -32.4306309
 -30.9945694  17.0394087
  15.5315888  29.3340667
  27.4582813 -13.9906931
 -12.4326104 -25.3781152
 -23.1061373  10.8729229
  9.32676415  20.6564928
  18.0447994 -7.80868199
 -6.33250942 -15.2880301
 -12.4043856  4.91124369
  3.55693486  9.41315496
  6.33456784 -2.28058475
 -1.09205716 -3.18963795
  8.18900503E-13 -2.66453526E-13
 -0.988219881 -3.21225893
 -6.424772  1.86656882
  2.63038493  9.61506793
  12.7607473 -3.27640303
 -3.80276559 -15.8396586
 -18.8300726  4.20901991
  4.49610153  21.7108531
  24.461623 -4.66630416
 -4.72323654 -27.0629251
 -29.4963739  4.67176667
  4.51795414  31.7448004
  33.7923857 -4.26897109
 -3.93301284 -35.6247846
 -37.2292363  3.51919897
  3.03746585  38.594663
  39.711754 -2.49845179
 -1.91337582 -40.5730364
 -41.1729297  1.29391144
  0.652056414  41.5077864
  41.5759153 -5.0127408E-12
  0.650011133 -41.3775905
 -40.9150436 -1.28580705
 -1.89542739  40.1924408
  39.2158438  2.46725176
  2.99012623 -37.993156
 -36.5340543 -3.45348492
 -3.84746546  34.8499062
  32.9536742  4.16301717
  4.392001 -30.8598075
 -28.5841226 -4.52728026
 -4.56280129  26.1436726
  23.5566079  4.49366329
  4.31617671 -20.842029
 -18.0198315 -4.02790956
 -3.62772126  15.1105465
  12.1351762  3.11578367
  2.49358921 -9.11502698
 -6.0715412 -1.76394578
 -0.930958746  3.0261287
 -3.57047725E-13 -1.17239551E-13
 -1.02233556  2.98599782
  5.91154108  2.12828575
  3.30898848 -8.75698392
