  0.000E+00  Sec
 ETA = 0
  4.186E-23 0.000E+00 0.000E+00
  6.279E-23 0.000E+00 0.000E+00
  8.371E-23 0.000E+00 0.000E+00
  1.046E-22 0.000E+00 0.000E+00
  1.256E-22 0.000E+00 0.000E+00
  1.465E-22 0.000E+00 0.000E+00
  1.674E-22 0.000E+00 0.000E+00
  1.884E-22 0.000E+00 0.000E+00
  2.093E-22 0.000E+00 0.000E+00
  2.302E-22 0.000E+00 0.000E+00
  2.511E-22 0.000E+00 0.000E+00
  2.721E-22 0.000E+00 0.000E+00
  2.930E-22 0.000E+00 0.000E+00
  3.139E-22 0.000E+00 0.000E+00
  3.349E-22 0.000E+00 0.000E+00
  3.558E-22 0.000E+00 0.000E+00
  3.767E-22 0.000E+00 0.000E+00
  3.976E-22 0.000E+00 0.000E+00
  4.186E-22 0.000E+00 0.000E+00
  4.395E-22 0.000E+00 0.000E+00
  4.604E-22 0.000E+00 0.000E+00
  4.814E-22 0.000E+00 0.000E+00
  5.023E-22 0.000E+00 0.000E+00
  5.232E-22 0.000E+00 0.000E+00
  5.441E-22 0.000E+00 0.000E+00
  5.651E-22 0.000E+00 0.000E+00
  5.860E-22 0.000E+00 0.000E+00
  6.069E-22 0.000E+00 0.000E+00
  6.279E-22 0.000E+00 0.000E+00
  6.488E-22 0.000E+00 0.000E+00
  6.697E-22 0.000E+00 0.000E+00
  6.906E-22 0.000E+00 0.000E+00
  7.116E-22 0.000E+00 0.000E+00
  7.325E-22 0.000E+00 0.000E+00
  7.534E-22 0.000E+00 0.000E+00
  7.744E-22 0.000E+00 0.000E+00
  7.953E-22 0.000E+00 0.000E+00
  8.162E-22 0.000E+00 0.000E+00
  8.371E-22 0.000E+00 0.000E+00
  8.581E-22 0.000E+00 0.000E+00
  8.790E-22 0.000E+00 0.000E+00
  8.999E-22 0.000E+00 0.000E+00
  9.209E-22 0.000E+00 0.000E+00
  9.418E-22 0.000E+00 0.000E+00
  9.627E-22 0.000E+00 0.000E+00
  9.836E-22 0.000E+00 0.000E+00
  1.005E-21 0.000E+00 0.000E+00
  1.025E-21 0.000E+00 0.000E+00
  1.046E-21 0.000E+00 0.000E+00
  1.067E-21 0.000E+00 0.000E+00
  1.088E-21 0.000E+00 0.000E+00
  1.109E-21 0.000E+00 0.000E+00
  1.130E-21 0.000E+00 0.000E+00
  1.151E-21 0.000E+00 0.000E+00
  1.172E-21 0.000E+00 0.000E+00
  1.193E-21 0.000E+00 0.000E+00
  1.214E-21 0.000E+00 0.000E+00
  1.235E-21 0.000E+00 0.000E+00
  1.256E-21 0.000E+00 0.000E+00
  1.277E-21 0.000E+00 0.000E+00
  1.298E-21 0.000E+00 0.000E+00
  1.318E-21 0.000E+00 0.000E+00
  1.339E-21 0.000E+00 0.000E+00
  1.360E-21 0.000E+00 0.000E+00
  1.381E-21 0.000E+00 0.000E+00
  1.402E-21 0.000E+00 0.000E+00
  1.423E-21 0.000E+00 0.000E+00
  1.444E-21 0.000E+00 0.000E+00
  1.465E-21 0.000E+00 0.000E+00
  1.486E-21 0.000E+00 0.000E+00
  1.507E-21 0.000E+00 0.000E+00
  1.528E-21 0.000E+00 0.000E+00
  1.549E-21 0.000E+00 0.000E+00
  1.570E-21 0.000E+00 0.000E+00
  1.591E-21 0.000E+00 0.000E+00
  1.611E-21 0.000E+00 0.000E+00
  1.632E-21 0.000E+00 0.000E+00
  1.653E-21 0.000E+00 0.000E+00
  1.674E-21 0.000E+00 0.000E+00
  1.695E-21 0.000E+00 0.000E+00
  1.716E-21 0.000E+00 0.000E+00
  1.737E-21 0.000E+00 0.000E+00
  1.758E-21 0.000E+00 0.000E+00
  1.779E-21 0.000E+00 0.000E+00
  1.800E-21 0.000E+00 0.000E+00
  1.821E-21 0.000E+00 0.000E+00
  1.842E-21 0.000E+00 0.000E+00
  1.863E-21 0.000E+00 0.000E+00
  1.884E-21 0.000E+00 0.000E+00
  1.904E-21 0.000E+00 0.000E+00
  1.925E-21 0.000E+00 0.000E+00
  1.946E-21 0.000E+00 0.000E+00
  1.967E-21 0.000E+00 0.000E+00
  1.988E-21 0.000E+00 0.000E+00
  2.009E-21 0.000E+00 0.000E+00
  2.030E-21 0.000E+00 0.000E+00
  2.051E-21 0.000E+00 0.000E+00
  2.072E-21 0.000E+00 0.000E+00
  2.093E-21 0.000E+00 0.000E+00

  2.186E-21 0.000E+00 0.000E+00
  2.361E-21 0.000E+00 0.000E+00
  2.550E-21 0.000E+00 0.000E+00
  2.754E-21 0.000E+00 0.000E+00
  2.974E-21 0.000E+00 0.000E+00
  3.212E-21 0.000E+00 0.000E+00
  3.469E-21 0.000E+00 0.000E+00
  3.746E-21 0.000E+00 0.000E+00
  4.046E-21 0.000E+00 0.000E+00
  4.369E-21 0.000E+00 0.000E+00
  4.719E-21 0.000E+00 0.000E+00
  5.097E-21 0.000E+00 0.000E+00
  5.504E-21 0.000E+00 0.000E+00
  5.945E-21 0.000E+00 0.000E+00
  6.420E-21 0.000E+00 0.000E+00
  6.934E-21 0.000E+00 0.000E+00
  7.489E-21 0.000E+00 0.000E+00
  8.088E-21 0.000E+00 0.000E+00
  8.735E-21 0.000E+00 0.000E+00
  9.433E-21 0.000E+00 0.000E+00
  1.019E-20 0.000E+00 0.000E+00
  1.100E-20 0.000E+00 0.000E+00
  1.188E-20 0.000E+00 0.000E+00
  1.283E-20 0.000E+00 0.000E+00
  1.386E-20 0.000E+00 0.000E+00
  1.497E-20 0.000E+00 0.000E+00
  1.617E-20 0.000E+00 0.000E+00
  1.746E-20 0.000E+00 0.000E+00
  1.886E-20 0.000E+00 0.000E+00
  2.037E-20 0.000E+00 0.000E+00
  2.200E-20 0.000E+00 0.000E+00
  2.375E-20 0.000E+00 0.000E+00
  2.566E-20 0.000E+00 0.000E+00
  2.771E-20 0.000E+00 0.000E+00
  2.992E-20 0.000E+00 0.000E+00
  3.232E-20 0.000E+00 0.000E+00
  3.490E-20 0.000E+00 0.000E+00
  3.770E-20 0.000E+00 0.000E+00
  4.071E-20 0.000E+00 0.000E+00
  4.397E-20 0.000E+00 0.000E+00
  4.749E-20 0.000E+00 0.000E+00
  5.129E-20 0.000E+00 0.000E+00
  5.539E-20 0.000E+00 0.000E+00
  5.982E-20 0.000E+00 0.000E+00
  6.460E-20 0.000E+00 0.000E+00
  6.977E-20 0.000E+00 0.000E+00
  7.535E-20 0.000E+00 0.000E+00
  8.138E-20 0.000E+00 0.000E+00
  8.789E-20 0.000E+00 0.000E+00
  9.493E-20 0.000E+00 0.000E+00
  1.025E-19 0.000E+00 0.000E+00
  1.107E-19 0.000E+00 0.000E+00
  1.196E-19 0.000E+00 0.000E+00
  1.291E-19 0.000E+00 0.000E+00
  1.395E-19 0.000E+00 0.000E+00
  1.506E-19 0.000E+00 0.000E+00
  1.627E-19 0.000E+00 0.000E+00
  1.757E-19 0.000E+00 0.000E+00
  1.898E-19 0.000E+00 0.000E+00
  2.049E-19 0.000E+00 0.000E+00
  2.213E-19 0.000E+00 0.000E+00
  2.390E-19 0.000E+00 0.000E+00
  2.582E-19 0.000E+00 0.000E+00
  2.788E-19 0.000E+00 0.000E+00
  3.011E-19 0.000E+00 0.000E+00
  3.252E-19 0.000E+00 0.000E+00
  3.512E-19 0.000E+00 0.000E+00
  3.793E-19 0.000E+00 0.000E+00
  4.097E-19 0.000E+00 0.000E+00
  4.424E-19 0.000E+00 0.000E+00
  4.778E-19 0.000E+00 0.000E+00
  5.161E-19 0.000E+00 0.000E+00
  5.573E-19 0.000E+00 0.000E+00
  6.019E-19 0.000E+00 0.000E+00
  6.501E-19 0.000E+00 0.000E+00
  7.021E-19 0.000E+00 0.000E+00
  7.583E-19 0.000E+00 0.000E+00
  8.189E-19 0.000E+00 0.000E+00
  8.844E-19 0.000E+00 0.000E+00
  9.552E-19 0.000E+00 0.000E+00
  1.032E-18 0.000E+00 0.000E+00
  1.114E-18 0.000E+00 0.000E+00
  1.203E-18 0.000E+00 0.000E+00
  1.300E-18 0.000E+00 0.000E+00
  1.404E-18 0.000E+00 0.000E+00
  1.516E-18 0.000E+00 0.000E+00
  1.637E-18 0.000E+00 0.000E+00
  1.768E-18 0.000E+00 0.000E+00
  1.909E-18 0.000E+00 0.000E+00
  2.062E-18 0.000E+00 0.000E+00
  2.227E-18 0.000E+00 0.000E+00
  2.405E-18 0.000E+00 0.000E+00
 
  0.00000E+00 NaN         NaN         0.00000E+00 NaN        
  2.09285E-12
 
 
